1 1 1 1 0 1980 -400 720 15 0.1 15 500 0 144 1024 576 
1 254.746 645 1 0 0 0 0.167442 0 0 0 1 10 10 1278476287 250 500 0.3 0.3 0.3 0.3 0 
2 0 715 1 0 1280 5 2105376255 
2 350 702 1 0 100 5 2105376255 
2 0 655 1 0 320 5 2105376255 
2 0 625 1 0 160 5 2105376255 
3 670 700 0 1 5 4291366655 
3 690 700 0 1 5 4291366655 
3 710 700 0 1 5 4291366655 
3 730 700 0 1 5 4291366655 
3 750 700 0 1 5 4291366655 
3 770 700 0 1 5 4291366655 
3 790 700 0 1 5 4291366655 
3 810 700 0 1 5 4291366655 
3 830 700 0 1 5 4291366655 
3 850 700 0 1 5 4291366655 