1 1 1 1 0 1980 -400 720 15 0.1 1600 400 0 144 1024 576 
1 1 254.746 645 1 0 0 1 0 2.4064 0 0 0 1 10 10 1278476287 250 500 0.3 0.3 0.3 0.3 0 
2 2 0 715 1 0 1280 5 2105376255 
2 3 350 702 1 0 100 5 2105376255 
2 4 0 655 1 0 320 5 2105376255 
2 5 0 625 1 0 160 5 2105376255 
3 6 670 700 0 1 5 4291366655 
3 7 690 700 0 1 5 4291366655 
3 8 710 700 0 1 5 4291366655 
3 9 730 700 0 1 5 4291366655 
3 10 750 700 0 1 5 4291366655 
3 11 770 700 0 1 5 4291366655 
3 12 790 700 0 1 5 4291366655 
3 13 810 700 0 1 5 4291366655 
3 14 830 700 0 1 5 4291366655 
3 15 850 700 0 1 5 4291366655 
4 16 500 700 0 1 5 4 2566927359 17 
4 17 600 700 0 1 5 4 2566927359 18 
4 18 600 600 0 1 5 4 2566927359 -1 
5 19 900 700 1 0 1 1 0 400 0 0 0 0 10 10 127847628 
5 20 1020 685 1 0 0 1 0 2.4064 0 0 0 1 10 10 127847628 
5 21 1020 695 1 0 0 1 0 2.4064 0 0 0 1 10 10 127847628 
5 22 1020 705 1 0 0 1 0 2.4064 0 0 0 1 10 10 127847628 
4 23 505 665 0 1 5 4 2566927359 17 