VHV0b3JpYWwgTWFw 1 1 1 1 0 1980 0 720 15 0.1 1600 400 0 -297 1920 1017 
1 1 145 705 1 0 0 1 0 2.1088 0 0 0 1 10 10 1278476287 250 500 0.3 0.3 0.3 0.3 0 
2 2 0 715 1 0 1980 5.99994 2105376255 
3 6 670 700 0 1 5 4291366655 
3 7 690 700 0 1 5 4291366655 
3 8 710 700 0 1 5 4291366655 
3 9 730 700 0 1 5 4291366655 
3 10 750 700 0 1 5 4291366655 
3 11 770 700 0 1 5 4291366655 
3 12 790 700 0 1 5 4291366655 
3 13 810 700 0 1 5 4291366655 
3 14 830 700 0 1 5 4291366655 
3 15 850 700 0 1 5 4291366655 
5 16 1250 705 1 0 0 1 0 2.1088 0 0 0 1 10 10 127847679 
5 17 1250 695 1 0 0 1 0 2.1088 0 0 0 1 10 10 127847679 
5 18 1250 685 1 0 0 1 0 2.1088 0 0 0 1 10 10 127847679 
6 19 70 601 0 0 15 2863311615 UHJlc3MgIkEiIG9yICJEIiB0byBtb3Zl 
6 20 466 600 0 0 15 2863311615 UHJlc3MgIlciIHRvIGp1bXA= 
6 21 1025 601 0 0 15 2863311615 U29tZSBvYmplY3RzIGNhbiBiZSBtb3ZlZA== 
6 22 1280 601 0 0 15 2863311615 VXNlIHBvcnRhbHMgdG8gdGVsZXBvcnQgeW91cnNlbGY= 
6 23 1335 621 0 0 15 2863311615 b3Igb3RoZXIgb2JqZWN0cw== 
6 24 1555 400 0 0 15 2863311615 WW91ciBnb2FsIGlzIGV4aXQgcG9ydGFs 
6 25 650 601 0 0 15 2863311615 Q29sbGVjdCBhcyBtYW55IHBvaW50cyBhcyB5b3UgY2Fu 
7 26 1735 456 0 1 5 4 10040319 
2 27 620 720 1 0 10 -120 2105376255 
2 28 505 665 1 0 55 5 2105376255 
2 29 1250 685 1 0 10 -85 2105376255 
4 30 1385 685 0 1 5 4 2566927359 32 
2 31 1520 471 1 0 240 5 2105376255 
4 32 1535 455 0 1 5 4 2566927359 -1 